495
8018
8055
8009
8016
8418
8033
1278
8049
8075
1918
3740
8432
8354
1391
8109
252
1010
3375
2923
3099
540
8011
4079
8417
8384
8359
8017
2757
8440
4037
467
3902
8511
8111
1548
8080
8466
714
2856
8071
1049
20172
1553
8041
1754
8453
629
3988
1560
3700
3481
8386
505
1456
654
8126
850
152
8370
2899
3429
8121
8064
8061
3619
974
4112
8057
8032
2810
8178
613
8303
8412
1884
1789
396
1055
1365
2019
3050
5565
8160
8078
1753
8098
8298
8415
2916
8014
8089
3971
8175
2242
8406
3494
2919
477
330
3107
8183
1850
8101
1341
772
8428
1422
8430
8130
2807
8161
179
1903
8391
8082
3927
8115
1453
1421
1641
6831
1993
3100
8490
8027
266
8493
2473
8332
8512
1911
8504
8320
1731
8085
3559
8296
8073
8318
1804
8030
1234
944
66
8306
8081
147
3067
8491
2876
487
8094
8128
1327
527
6130
9046
8437
380
1000
672
8518
1936
6
8497
3656
8010
475
9697
8058
8096
8442
1541
8129
8117
8407
8005
3276
4082
8486
8114
3066
8452
1817
8293
2448
8449
2844
8063
8467
1039
997
4060
1568
8168
8113
3659
8124
1690
